function T = Tcom(t0,t1)
T = [t0^5, t1^5, 5*t0^4, 5*t1^4, 20*t0^3, 20*t1^3;
     t0^4, t1^4, 4*t0^3, 4*t1^3, 12*t0^2, 12*t1^2;
     t0^3, t1^3, 3*t0^2, 3*t1^2, 6*t0,    6*t1;
     t0^2, t1^2, 2*t0,   2*t1,   2,       2;
     t0,   t1,   1,      1,      0,       0;
     1,    1,    0,      0,      0,       0;];
end